a = [ 1 2 3 ; 4 5 6 ; 7 8 9] ; 
new_mat=a([2,3,2,3],:)