A=[ 3 4 5];
B=[2 1 4 ];
C=A./B.^2 % Evaluates division after exponentiaton 
% C=[0.7500 9.0000 0,2000]
C=(.A/B).^2
% C=[2.2500 81.000 1.0000]