a = [ 1 2 3 4 5 ; 2 3 4 5 7 ; 3 4 5 6 7 ; 4 5 6 7 8 ];
v=a(:,4)
a(:,2:3)
sa=a(2:3,2:4)
a(4,:)
a(:,5)