A = [1 2 3 ; 4 5 6 ; 7 9 8 ]
T = A .'
A  = [5 4 3-3i 4+3i ; 0+4i 1-2i 5 5-2i]
B = A.'
A = [ 1 2 3 ; 3 4 5 ; 7 8 9 ; 10 11 12 ]
A(3,2)
A(:,2 : 3)
A(:,: ,: ,1)
A (: ,: , 2)
